1, 469786647 -> 0.500000
101, 469786647 -> 0.500000
201, 469786647 -> 0.500000
301, 469786647 -> 0.500000
401, 469786647 -> 0.500000
501, 469786647 -> 0.500000
601, 469786647 -> 0.500000
701, 469786647 -> 0.500000
801, 469786647 -> 0.500000
901, 469786647 -> 0.500000
1001, 469786647 -> 0.500000
1101, 469786647 -> 0.500000
1201, 469786647 -> 0.500000
1301, 469786647 -> 0.500000
1401, 469786647 -> 0.500000
1501, 469786647 -> 0.500000
1601, 469786647 -> 0.500000
1701, 469786647 -> 0.500000
1801, 469786647 -> 0.500000
1901, 469786647 -> 0.500000
2001, 469786647 -> 0.500000
2101, 469786647 -> 0.500000
2201, 469786647 -> 0.500000
2301, 469786647 -> 0.500000
2401, 469786647 -> 0.500000
2501, 469786647 -> 0.500000
2601, 469786647 -> 0.500000
2701, 469786647 -> 0.500000
2801, 469786647 -> 0.500000
2901, 469786647 -> 0.500000
3001, 469786647 -> 0.500000
3101, 469786647 -> 0.500000
3201, 469786647 -> 0.500000
3301, 469786647 -> 0.500000
3401, 469786647 -> 0.500000
3501, 469786647 -> 0.500000
3601, 469786647 -> 0.500000
3701, 469786647 -> 0.500000
3801, 469786647 -> 0.500000
3901, 469786647 -> 0.500000
4001, 469786647 -> 0.500000
4101, 469786647 -> 0.500000
4201, 469786647 -> 0.500000
4301, 469786647 -> 0.500000
4401, 469786647 -> 0.500000
4501, 469786647 -> 0.500000
4601, 469786647 -> 0.500000
4701, 469786647 -> 0.500000
4801, 469786647 -> 0.500000
4901, 469786647 -> 0.500000
5001, 469786647 -> 0.500000
5101, 469786647 -> 0.500000
5201, 469786647 -> 0.500000
5301, 469786647 -> 0.500000
5401, 469786647 -> 0.500000
5501, 469786647 -> 0.500000
5601, 469786647 -> 0.500000
5701, 469786647 -> 0.500000
5801, 469786647 -> 0.500000
5901, 469786647 -> 0.500000
6001, 469786647 -> 0.500000
6101, 469786647 -> 0.500000
6201, 469786647 -> 0.500000
6301, 469786647 -> 0.500000
6401, 469786647 -> 0.500000
6501, 469786647 -> 0.500000
6601, 469786647 -> 0.500000
6701, 469786647 -> 0.500000
6801, 469786647 -> 0.500000
6901, 469786647 -> 0.500000
7001, 469786647 -> 0.500000
7101, 469786647 -> 0.500000
7201, 469786647 -> 0.500000
7301, 469786647 -> 0.500000
7401, 469786647 -> 0.500000
7501, 469786647 -> 0.500000
7601, 469786647 -> 0.500000
7701, 469786647 -> 0.500000
7801, 469786647 -> 0.500000
7901, 469786647 -> 0.500000
8001, 469786647 -> 0.500000
8101, 469786647 -> 0.500000
8201, 469786647 -> 0.500000
8301, 469786647 -> 0.500000
8401, 469786647 -> 0.500000
8501, 469786647 -> 0.500000
8601, 469786647 -> 0.500000
8701, 469786647 -> 0.500000
8801, 469786647 -> 0.500000
8901, 469786647 -> 0.500000
9001, 469786647 -> 0.500000
9101, 469786647 -> 0.500000
9201, 469786647 -> 0.500000
9301, 469786647 -> 0.500000
9401, 469786647 -> 0.500000
9501, 469786647 -> 0.500000
9601, 469786647 -> 0.500000
9701, 469786647 -> 0.500000
9801, 469786647 -> 0.500000
9901, 469786647 -> 0.500000
